#	A	C	D	E	F	G	H	I	K	L	M	N	P	Q	R	S	T	V	W	Y
spoT_P0AG24	0.0868945868945869	0.011396011396011397	0.04843304843304843	0.07264957264957266	0.02564102564102564	0.05698005698005698	0.03561253561253561	0.0754985754985755	0.0584045584045584	0.08974358974358974	0.03276353276353276	0.03418803418803419	0.045584045584045586	0.04700854700854701	0.0754985754985755	0.05270655270655271	0.04843304843304843	0.06552706552706553	0.005698005698005698	0.03133903133903134
prlF_P15373	0.07207207207207207	0.009009009009009009	0.09009009009009009	0.06306306306306306	0.036036036036036036	0.07207207207207207	0.02702702702702703	0.07207207207207207	0.05405405405405406	0.07207207207207207	0.036036036036036036	0.05405405405405406	0.06306306306306306	0.07207207207207207	0.05405405405405406	0.02702702702702703	0.06306306306306306	0.05405405405405406	0.0	0.009009009009009009
osmF_P33362	0.14098360655737704	0.0	0.04918032786885246	0.04918032786885246	0.02622950819672131	0.07868852459016394	0.006557377049180328	0.036065573770491806	0.07213114754098361	0.1180327868852459	0.013114754098360656	0.036065573770491806	0.05245901639344262	0.06557377049180328	0.019672131147540985	0.05245901639344262	0.05901639344262295	0.07540983606557378	0.019672131147540985	0.029508196721311476
fbaB_P0A991	0.11714285714285715	0.011428571428571429	0.06285714285714286	0.04	0.022857142857142857	0.08571428571428572	0.022857142857142857	0.05714285714285714	0.04285714285714286	0.09142857142857143	0.02857142857142857	0.06285714285714286	0.02857142857142857	0.03428571428571429	0.05142857142857143	0.05714285714285714	0.05142857142857143	0.07142857142857142	0.002857142857142857	0.05714285714285714
cyoA_P0ABJ1	0.10793650793650794	0.0031746031746031746	0.0380952380952381	0.050793650793650794	0.05396825396825397	0.06031746031746032	0.02857142857142857	0.06349206349206349	0.06349206349206349	0.0761904761904762	0.050793650793650794	0.044444444444444446	0.05714285714285714	0.02857142857142857	0.022222222222222223	0.08571428571428572	0.047619047619047616	0.06031746031746032	0.025396825396825397	0.031746031746031744
yajQ_P0A8E7	0.06748466257668712	0.0	0.08588957055214724	0.0736196319018405	0.05521472392638037	0.05521472392638037	0.006134969325153374	0.06134969325153374	0.09202453987730061	0.07975460122699386	0.024539877300613498	0.04294478527607362	0.018404907975460124	0.06748466257668712	0.06134969325153374	0.08588957055214724	0.024539877300613498	0.09202453987730061	0.006134969325153374	0.0
btuE_P06610	0.06557377049180328	0.01639344262295082	0.0546448087431694	0.08196721311475409	0.0546448087431694	0.07103825136612021	0.00546448087431694	0.060109289617486336	0.06557377049180328	0.08196721311475409	0.03278688524590164	0.03278688524590164	0.06557377049180328	0.04371584699453552	0.03278688524590164	0.04371584699453552	0.06557377049180328	0.08196721311475409	0.01639344262295082	0.0273224043715847
rplM_P0AA10	0.09859154929577464	0.0	0.04929577464788732	0.056338028169014086	0.02112676056338028	0.08450704225352113	0.04929577464788732	0.056338028169014086	0.09859154929577464	0.06338028169014084	0.028169014084507043	0.028169014084507043	0.04225352112676056	0.028169014084507043	0.07746478873239436	0.0	0.08450704225352113	0.08450704225352113	0.007042253521126761	0.04225352112676056
sucB_P0AFG6	0.10864197530864197	0.0	0.06666666666666667	0.07901234567901234	0.019753086419753086	0.06666666666666667	0.01728395061728395	0.04691358024691358	0.06172839506172839	0.10123456790123457	0.03209876543209877	0.03209876543209877	0.05185185185185185	0.022222222222222223	0.06419753086419754	0.05925925925925926	0.05925925925925926	0.09135802469135802	0.0024691358024691358	0.01728395061728395
ydeI_P31130	0.1076923076923077	0.0	0.1	0.03076923076923077	0.038461538461538464	0.07692307692307693	0.03076923076923077	0.05384615384615385	0.07692307692307693	0.06153846153846154	0.038461538461538464	0.023076923076923078	0.06153846153846154	0.046153846153846156	0.046153846153846156	0.06153846153846154	0.03076923076923077	0.09230769230769231	0.0	0.023076923076923078
hpt_P0A9M2	0.03932584269662921	0.011235955056179775	0.08426966292134831	0.08426966292134831	0.033707865168539325	0.06741573033707865	0.016853932584269662	0.0898876404494382	0.056179775280898875	0.09550561797752809	0.03932584269662921	0.011235955056179775	0.033707865168539325	0.016853932584269662	0.07303370786516854	0.07865168539325842	0.03932584269662921	0.09550561797752809	0.0	0.033707865168539325
argG_P0A6E4	0.07829977628635347	0.006711409395973154	0.06040268456375839	0.07606263982102908	0.029082774049217	0.09619686800894854	0.02237136465324385	0.06040268456375839	0.042505592841163314	0.09619686800894854	0.03803131991051454	0.0447427293064877	0.029082774049217	0.03803131991051454	0.06040268456375839	0.053691275167785234	0.06487695749440715	0.04697986577181208	0.013422818791946308	0.042505592841163314
rplU_P0AG48	0.06796116504854369	0.0	0.02912621359223301	0.08737864077669903	0.04854368932038835	0.11650485436893204	0.038834951456310676	0.06796116504854369	0.0970873786407767	0.02912621359223301	0.019417475728155338	0.009708737864077669	0.009708737864077669	0.05825242718446602	0.07766990291262135	0.02912621359223301	0.04854368932038835	0.13592233009708737	0.009708737864077669	0.019417475728155338
upp_P0A8F0	0.07692307692307693	0.004807692307692308	0.052884615384615384	0.08653846153846154	0.014423076923076924	0.09134615384615384	0.019230769230769232	0.08653846153846154	0.07692307692307693	0.10576923076923077	0.03365384615384615	0.02403846153846154	0.04807692307692308	0.019230769230769232	0.03365384615384615	0.04807692307692308	0.052884615384615384	0.09615384615384616	0.004807692307692308	0.02403846153846154
hchA_P31658	0.11307420494699646	0.007067137809187279	0.06713780918727916	0.053003533568904596	0.053003533568904596	0.07420494699646643	0.038869257950530034	0.04946996466431095	0.0636042402826855	0.09540636042402827	0.028268551236749116	0.04240282685512368	0.06713780918727916	0.028268551236749116	0.024734982332155476	0.053003533568904596	0.04240282685512368	0.045936395759717315	0.01060070671378092	0.04240282685512368
purF_P0AG16	0.09306930693069307	0.013861386138613862	0.07128712871287128	0.06732673267326733	0.04356435643564356	0.06930693069306931	0.019801980198019802	0.08316831683168317	0.033663366336633666	0.07524752475247524	0.023762376237623763	0.061386138613861385	0.03762376237623762	0.03762376237623762	0.07722772277227723	0.04554455445544554	0.039603960396039604	0.07128712871287128	0.0019801980198019802	0.033663366336633666
rplR_P0C018	0.18803418803418803	0.0	0.042735042735042736	0.05982905982905983	0.02564102564102564	0.06837606837606838	0.02564102564102564	0.042735042735042736	0.07692307692307693	0.06837606837606838	0.008547008547008548	0.017094017094017096	0.017094017094017096	0.05128205128205128	0.1111111111111111	0.042735042735042736	0.042735042735042736	0.08547008547008547	0.0	0.02564102564102564
dnaN_P0A988	0.07650273224043716	0.01092896174863388	0.05191256830601093	0.07923497267759563	0.03825136612021858	0.06830601092896176	0.01912568306010929	0.040983606557377046	0.03278688524590164	0.11748633879781421	0.040983606557377046	0.03825136612021858	0.0546448087431694	0.04371584699453552	0.06830601092896176	0.06284153005464481	0.04918032786885246	0.08469945355191257	0.00273224043715847	0.01912568306010929
hflX_P25519	0.0892018779342723	0.007042253521126761	0.06103286384976526	0.09154929577464789	0.03051643192488263	0.056338028169014086	0.025821596244131457	0.056338028169014086	0.035211267605633804	0.11502347417840375	0.014084507042253521	0.02112676056338028	0.035211267605633804	0.06572769953051644	0.09389671361502347	0.035211267605633804	0.05868544600938967	0.08215962441314555	0.009389671361502348	0.01643192488262911
yifE_P0ADN2	0.05357142857142857	0.008928571428571428	0.0625	0.125	0.0625	0.07142857142857142	0.03571428571428571	0.017857142857142856	0.07142857142857142	0.05357142857142857	0.017857142857142856	0.026785714285714284	0.044642857142857144	0.017857142857142856	0.09821428571428571	0.044642857142857144	0.08035714285714286	0.05357142857142857	0.008928571428571428	0.044642857142857144
mscS_P0C0S1	0.11538461538461539	0.0	0.055944055944055944	0.03496503496503497	0.038461538461538464	0.07692307692307693	0.0	0.11188811188811189	0.03146853146853147	0.0979020979020979	0.024475524475524476	0.05944055944055944	0.017482517482517484	0.03146853146853147	0.06293706293706294	0.06643356643356643	0.03146853146853147	0.11188811188811189	0.01048951048951049	0.02097902097902098
frsA_P04335	0.08454106280193237	0.014492753623188406	0.06521739130434782	0.04830917874396135	0.036231884057971016	0.06521739130434782	0.028985507246376812	0.03864734299516908	0.03864734299516908	0.10628019323671498	0.036231884057971016	0.028985507246376812	0.06521739130434782	0.04830917874396135	0.06763285024154589	0.05555555555555555	0.050724637681159424	0.05555555555555555	0.026570048309178744	0.03864734299516908
ygiC_P0ADT5	0.05958549222797927	0.012953367875647668	0.05958549222797927	0.10362694300518134	0.054404145077720206	0.054404145077720206	0.025906735751295335	0.05699481865284974	0.046632124352331605	0.10621761658031088	0.02849740932642487	0.03367875647668394	0.05181347150259067	0.05181347150259067	0.04145077720207254	0.046632124352331605	0.04922279792746114	0.04404145077720207	0.031088082901554404	0.04145077720207254
proX_P0AFM2	0.12424242424242424	0.006060606060606061	0.06060606060606061	0.03939393939393939	0.03939393939393939	0.08181818181818182	0.024242424242424242	0.045454545454545456	0.07272727272727272	0.06666666666666667	0.021212121212121213	0.06666666666666667	0.045454545454545456	0.048484848484848485	0.012121212121212121	0.03636363636363636	0.07878787878787878	0.06363636363636363	0.024242424242424242	0.04242424242424243
gltA_P0ABH7	0.08665105386416862	0.01639344262295082	0.06323185011709602	0.06088992974238876	0.05152224824355972	0.06557377049180328	0.0351288056206089	0.06557377049180328	0.053864168618266976	0.08196721311475409	0.04449648711943794	0.03981264637002342	0.04449648711943794	0.01873536299765808	0.05620608899297424	0.0585480093676815	0.06557377049180328	0.0468384074941452	0.00702576112412178	0.03747072599531616
ybhA_P21829	0.11029411764705882	0.011029411764705883	0.0625	0.05514705882352941	0.025735294117647058	0.0625	0.05514705882352941	0.0625	0.03676470588235294	0.09558823529411764	0.029411764705882353	0.04044117647058824	0.04044117647058824	0.04779411764705882	0.03308823529411765	0.03676470588235294	0.07352941176470588	0.06985294117647059	0.022058823529411766	0.029411764705882353
yaeH_P62768	0.03125	0.0078125	0.09375	0.09375	0.03125	0.0390625	0.0078125	0.0859375	0.109375	0.09375	0.0078125	0.046875	0.0234375	0.0546875	0.078125	0.0546875	0.03125	0.0625	0.0	0.046875
mutS_P23909	0.10668229777256741	0.007033997655334115	0.05275498241500586	0.08206330597889801	0.02579132473622509	0.06096131301289566	0.017584994138335287	0.053927315357561546	0.032825322391559206	0.12661195779601406	0.029308323563892145	0.031652989449003514	0.04689331770222743	0.0492379835873388	0.07737397420867527	0.04806565064478312	0.06096131301289566	0.05158264947245018	0.007033997655334115	0.031652989449003514
proC_P0A9L8	0.1412639405204461	0.01486988847583643	0.03717472118959108	0.06319702602230483	0.03345724907063197	0.08921933085501858	0.01486988847583643	0.07806691449814127	0.05947955390334572	0.06691449814126393	0.05204460966542751	0.026022304832713755	0.05204460966542751	0.02973977695167286	0.026022304832713755	0.06319702602230483	0.04460966542750929	0.09293680297397769	0.0037174721189591076	0.011152416356877323
yghA_P0AG84	0.12244897959183673	0.01020408163265306	0.047619047619047616	0.05782312925170068	0.02040816326530612	0.09183673469387756	0.02040816326530612	0.06802721088435375	0.06802721088435375	0.08163265306122448	0.013605442176870748	0.01020408163265306	0.06462585034013606	0.06802721088435375	0.030612244897959183	0.05442176870748299	0.05782312925170068	0.06462585034013606	0.006802721088435374	0.04081632653061224
yacC_P0AA95	0.11304347826086956	0.02608695652173913	0.0782608695652174	0.034782608695652174	0.06956521739130435	0.05217391304347826	0.0	0.02608695652173913	0.06086956521739131	0.12173913043478261	0.034782608695652174	0.05217391304347826	0.017391304347826087	0.043478260869565216	0.043478260869565216	0.0782608695652174	0.034782608695652174	0.06086956521739131	0.008695652173913044	0.043478260869565216
ung_P12295	0.07423580786026202	0.004366812227074236	0.03056768558951965	0.0611353711790393	0.048034934497816595	0.07860262008733625	0.056768558951965066	0.043668122270742356	0.039301310043668124	0.10480349344978165	0.013100436681222707	0.043668122270742356	0.06986899563318777	0.0611353711790393	0.043668122270742356	0.05240174672489083	0.05240174672489083	0.07423580786026202	0.026200873362445413	0.021834061135371178
treA_P13482	0.09026548672566372	0.007079646017699115	0.06371681415929203	0.05309734513274336	0.03185840707964602	0.06017699115044248	0.017699115044247787	0.024778761061946902	0.05663716814159292	0.0920353982300885	0.02831858407079646	0.05309734513274336	0.0743362831858407	0.06371681415929203	0.04247787610619469	0.05132743362831858	0.06548672566371681	0.05486725663716814	0.02831858407079646	0.04070796460176991
ileS_P00956	0.09808102345415778	0.014925373134328358	0.07569296375266525	0.06183368869936034	0.03304904051172708	0.07995735607675906	0.026652452025586353	0.04904051172707889	0.0650319829424307	0.08208955223880597	0.0255863539445629	0.022388059701492536	0.04477611940298507	0.03304904051172708	0.04904051172707889	0.050106609808102345	0.050106609808102345	0.07889125799573561	0.024520255863539446	0.035181236673773986
htpX_P23894	0.11262798634812286	0.0034129692832764505	0.023890784982935155	0.06143344709897611	0.04778156996587031	0.07849829351535836	0.020477815699658702	0.07167235494880546	0.027303754266211604	0.11262798634812286	0.05802047781569966	0.03754266211604096	0.027303754266211604	0.03754266211604096	0.05460750853242321	0.07508532423208192	0.051194539249146756	0.07508532423208192	0.010238907849829351	0.013651877133105802
pyrI_P0A7F3	0.06535947712418301	0.026143790849673203	0.058823529411764705	0.06535947712418301	0.032679738562091505	0.0392156862745098	0.026143790849673203	0.0784313725490196	0.0718954248366013	0.09803921568627451	0.013071895424836602	0.0718954248366013	0.0457516339869281	0.0392156862745098	0.05228758169934641	0.0718954248366013	0.0457516339869281	0.0784313725490196	0.0	0.0196078431372549
rplD_P60723	0.11442786069651742	0.0	0.05970149253731343	0.05970149253731343	0.029850746268656716	0.06467661691542288	0.014925373134328358	0.03980099502487562	0.08955223880597014	0.0945273631840796	0.024875621890547265	0.01990049751243781	0.024875621890547265	0.04975124378109453	0.06965174129353234	0.05970149253731343	0.05970149253731343	0.1044776119402985	0.009950248756218905	0.009950248756218905
ptsG_P69786	0.1278825995807128	0.006289308176100629	0.029350104821802937	0.031446540880503145	0.06708595387840671	0.10482180293501048	0.020964360587002098	0.09224318658280922	0.0440251572327044	0.09224318658280922	0.031446540880503145	0.033542976939203356	0.04821802935010482	0.018867924528301886	0.025157232704402517	0.05870020964360587	0.041928721174004195	0.08385744234800839	0.012578616352201259	0.029350104821802937
yciA_P0A8Z0	0.09848484848484848	0.022727272727272728	0.045454545454545456	0.05303030303030303	0.022727272727272728	0.09090909090909091	0.015151515151515152	0.05303030303030303	0.05303030303030303	0.06060606060606061	0.03787878787878788	0.030303030303030304	0.05303030303030303	0.030303030303030304	0.05303030303030303	0.03787878787878788	0.06818181818181818	0.13636363636363635	0.015151515151515152	0.022727272727272728
rbsB_P02925	0.14864864864864866	0.0	0.07094594594594594	0.037162162162162164	0.02364864864864865	0.08108108108108109	0.010135135135135136	0.04391891891891892	0.08783783783783784	0.0945945945945946	0.02364864864864865	0.060810810810810814	0.030405405405405407	0.057432432432432436	0.02027027027027027	0.04054054054054054	0.05067567567567568	0.10810810810810811	0.0	0.010135135135135136
yfgD_P76569	0.07563025210084033	0.008403361344537815	0.04201680672268908	0.1092436974789916	0.0	0.04201680672268908	0.008403361344537815	0.05042016806722689	0.07563025210084033	0.14285714285714285	0.04201680672268908	0.058823529411764705	0.058823529411764705	0.03361344537815126	0.06722689075630252	0.05042016806722689	0.03361344537815126	0.07563025210084033	0.0	0.025210084033613446
dcd_P28248	0.09326424870466321	0.010362694300518135	0.07772020725388601	0.06217616580310881	0.031088082901554404	0.08808290155440414	0.02072538860103627	0.046632124352331605	0.025906735751295335	0.12435233160621761	0.02072538860103627	0.031088082901554404	0.06217616580310881	0.010362694300518135	0.09326424870466321	0.06217616580310881	0.031088082901554404	0.07253886010362694	0.015544041450777202	0.02072538860103627
rpsN_P0AG59	0.1188118811881188	0.009900990099009901	0.04950495049504951	0.04950495049504951	0.0297029702970297	0.04950495049504951	0.009900990099009901	0.039603960396039604	0.10891089108910891	0.07920792079207921	0.0297029702970297	0.0297029702970297	0.039603960396039604	0.039603960396039604	0.13861386138613863	0.07920792079207921	0.019801980198019802	0.04950495049504951	0.019801980198019802	0.009900990099009901
tehB_P25397	0.07614213197969544	0.015228426395939087	0.07106598984771574	0.06598984771573604	0.04060913705583756	0.06598984771573604	0.015228426395939087	0.050761421319796954	0.06598984771573604	0.09644670050761421	0.030456852791878174	0.07614213197969544	0.025380710659898477	0.01015228426395939	0.07106598984771574	0.025380710659898477	0.06598984771573604	0.07106598984771574	0.01015228426395939	0.050761421319796954
thiI_P77718	0.04564315352697095	0.01037344398340249	0.06431535269709543	0.08091286307053942	0.043568464730290454	0.07053941908713693	0.026970954356846474	0.08091286307053942	0.058091286307053944	0.08921161825726141	0.01867219917012448	0.03941908713692946	0.026970954356846474	0.03941908713692946	0.07468879668049792	0.05186721991701245	0.04149377593360996	0.1016597510373444	0.008298755186721992	0.026970954356846474
ycaO_P75838	0.09897610921501707	0.011945392491467578	0.06655290102389079	0.09044368600682594	0.059726962457337884	0.06996587030716724	0.015358361774744027	0.04607508532423208	0.030716723549488054	0.1075085324232082	0.01877133105802048	0.04778156996587031	0.04436860068259386	0.034129692832764506	0.040955631399317405	0.05631399317406143	0.04948805460750853	0.051194539249146756	0.020477815699658702	0.03924914675767918
acrA_P0AE06	0.11838790931989925	0.0025188916876574307	0.055415617128463476	0.042821158690176324	0.017632241813602016	0.08060453400503778	0.0025188916876574307	0.05037783375314862	0.05793450881612091	0.08564231738035265	0.010075566750629723	0.042821158690176324	0.04534005037783375	0.0906801007556675	0.042821158690176324	0.055415617128463476	0.08312342569269521	0.0906801007556675	0.0025188916876574307	0.022670025188916875
ldhA_P52643	0.0911854103343465	0.0182370820668693	0.0547112462006079	0.07598784194528875	0.0547112462006079	0.06990881458966565	0.02127659574468085	0.0425531914893617	0.057750759878419454	0.11550151975683891	0.030395136778115502	0.0547112462006079	0.02735562310030395	0.03343465045592705	0.0425531914893617	0.0486322188449848	0.057750759878419454	0.06990881458966565	0.0	0.03343465045592705
osmC_P0C0L2	0.11188811188811189	0.013986013986013986	0.055944055944055944	0.06293706293706294	0.04195804195804196	0.1048951048951049	0.02097902097902098	0.06993006993006994	0.08391608391608392	0.06993006993006994	0.02097902097902098	0.02097902097902098	0.03496503496503497	0.04195804195804196	0.013986013986013986	0.06993006993006994	0.08391608391608392	0.055944055944055944	0.006993006993006993	0.013986013986013986
glgA_P0A6U8	0.1069182389937107	0.006289308176100629	0.06079664570230608	0.041928721174004195	0.04821802935010482	0.09224318658280922	0.033542976939203356	0.03563941299790356	0.025157232704402517	0.1278825995807128	0.020964360587002098	0.023060796645702306	0.04821802935010482	0.0440251572327044	0.06289308176100629	0.050314465408805034	0.03773584905660377	0.07337526205450734	0.018867924528301886	0.041928721174004195
fklB_P0A9L3	0.10679611650485436	0.0	0.03398058252427184	0.10679611650485436	0.03398058252427184	0.10194174757281553	0.019417475728155338	0.05825242718446602	0.02912621359223301	0.09223300970873786	0.014563106796116505	0.019417475728155338	0.05825242718446602	0.043689320388349516	0.05825242718446602	0.04854368932038835	0.05339805825242718	0.09223300970873786	0.009708737864077669	0.019417475728155338
ygdH_P0ADR8	0.07929515418502203	0.013215859030837005	0.05066079295154185	0.07048458149779736	0.039647577092511016	0.06828193832599119	0.024229074889867842	0.07709251101321586	0.03524229074889868	0.10792951541850221	0.039647577092511016	0.06387665198237885	0.05506607929515418	0.028634361233480177	0.07268722466960352	0.048458149779735685	0.02643171806167401	0.06607929515418502	0.004405286343612335	0.028634361233480177
yciO_P0AFR4	0.03398058252427184	0.014563106796116505	0.06310679611650485	0.06796116504854369	0.038834951456310676	0.07281553398058252	0.014563106796116505	0.06796116504854369	0.05825242718446602	0.10194174757281553	0.03398058252427184	0.043689320388349516	0.06796116504854369	0.043689320388349516	0.06310679611650485	0.04854368932038835	0.06310679611650485	0.07281553398058252	0.0	0.02912621359223301
proQ_P45577	0.1206896551724138	0.008620689655172414	0.03879310344827586	0.09913793103448276	0.021551724137931036	0.05603448275862069	0.021551724137931036	0.02586206896551724	0.08620689655172414	0.07758620689655173	0.017241379310344827	0.02586206896551724	0.0603448275862069	0.0603448275862069	0.09482758620689655	0.04741379310344827	0.04741379310344827	0.07327586206896551	0.004310344827586207	0.01293103448275862
yggE_P0ADS6	0.15853658536585366	0.0	0.07723577235772358	0.04065040650406504	0.02032520325203252	0.044715447154471545	0.016260162601626018	0.052845528455284556	0.06910569105691057	0.07723577235772358	0.024390243902439025	0.036585365853658534	0.04878048780487805	0.07723577235772358	0.04065040650406504	0.056910569105691054	0.036585365853658534	0.08536585365853659	0.0	0.036585365853658534
glgC_P0A6V1	0.07192575406032482	0.02088167053364269	0.06728538283062645	0.06960556844547564	0.03480278422273782	0.06264501160092807	0.02320185614849188	0.058004640371229696	0.04408352668213457	0.08584686774941995	0.03248259860788863	0.04408352668213457	0.048723897911832945	0.030162412993039442	0.07424593967517401	0.06960556844547564	0.027842227378190254	0.08584686774941995	0.013921113689095127	0.03480278422273782
ftsK_P46889	0.11211437170805116	0.0030097817908201654	0.0526711813393529	0.06997742663656885	0.02633559066967645	0.05718585402558315	0.012791572610985704	0.04288939051918736	0.033860045146726865	0.08051166290443942	0.019563581640331076	0.024830699774266364	0.09932279909706546	0.08954100827689992	0.0526711813393529	0.05041384499623777	0.04589917231000752	0.07750188111361926	0.014296463506395787	0.0346124905944319
entF_P11454	0.12374323279195669	0.010054137664346482	0.05723124516627997	0.05645784996133024	0.03557617942768755	0.06496519721577726	0.02088167053364269	0.040989945862335654	0.019334880123743233	0.12374323279195669	0.02088167053364269	0.02165506573859242	0.0711523588553751	0.06419180201082754	0.05877803557617943	0.04795050270688322	0.058004640371229696	0.060324825986078884	0.018561484918793503	0.025522041763341066
pitA_P0AFJ7	0.11022044088176353	0.004008016032064128	0.03406813627254509	0.022044088176352707	0.036072144288577156	0.09418837675350701	0.02404809619238477	0.06813627254509018	0.04208416833667335	0.1342685370741483	0.04609218436873747	0.03006012024048096	0.03406813627254509	0.026052104208416832	0.036072144288577156	0.06613226452905811	0.07014028056112225	0.08216432865731463	0.01603206412825651	0.02404809619238477
ftsI_P0AD68	0.0935374149659864	0.003401360544217687	0.04251700680272109	0.047619047619047616	0.025510204081632654	0.0935374149659864	0.011904761904761904	0.05952380952380952	0.05442176870748299	0.08333333333333333	0.025510204081632654	0.04591836734693878	0.05442176870748299	0.03231292517006803	0.06802721088435375	0.06972789115646258	0.05102040816326531	0.09183673469387756	0.01020408163265306	0.03571428571428571
dcyD_P76316	0.12195121951219512	0.009146341463414634	0.04573170731707317	0.07317073170731707	0.03353658536585366	0.09146341463414634	0.024390243902439025	0.054878048780487805	0.03048780487804878	0.13414634146341464	0.021341463414634148	0.039634146341463415	0.054878048780487805	0.03353658536585366	0.042682926829268296	0.039634146341463415	0.051829268292682924	0.06707317073170732	0.003048780487804878	0.027439024390243903
ltaE_P75823	0.14114114114114115	0.012012012012012012	0.06006006006006006	0.06606606606606606	0.024024024024024024	0.07507507507507508	0.024024024024024024	0.04804804804804805	0.03903903903903904	0.10510510510510511	0.03303303303303303	0.04504504504504504	0.03303303303303303	0.03303303303303303	0.06906906906906907	0.036036036036036036	0.04504504504504504	0.06906906906906907	0.012012012012012012	0.03003003003003003
yccU_P75874	0.12408759124087591	0.0072992700729927005	0.06569343065693431	0.043795620437956206	0.0072992700729927005	0.08759124087591241	0.014598540145985401	0.06569343065693431	0.06569343065693431	0.0948905109489051	0.0364963503649635	0.021897810218978103	0.051094890510948905	0.0364963503649635	0.043795620437956206	0.0364963503649635	0.051094890510948905	0.10218978102189781	0.014598540145985401	0.029197080291970802
infB_P0A705	0.12247191011235956	0.0033707865168539327	0.05393258426966292	0.11123595505617978	0.016853932584269662	0.07640449438202247	0.016853932584269662	0.052808988764044947	0.07415730337078652	0.060674157303370786	0.02359550561797753	0.03258426966292135	0.02359550561797753	0.051685393258426963	0.07528089887640449	0.04943820224719101	0.04719101123595506	0.09325842696629214	0.0022471910112359553	0.012359550561797753
pckA_P22259	0.08333333333333333	0.009259259259259259	0.07037037037037037	0.05555555555555555	0.05185185185185185	0.08703703703703704	0.016666666666666666	0.05	0.06296296296296296	0.08518518518518518	0.020370370370370372	0.05	0.05	0.027777777777777776	0.04259259259259259	0.046296296296296294	0.08333333333333333	0.05925925925925926	0.016666666666666666	0.03148148148148148
ybiU_P75791	0.10451306413301663	0.011876484560570071	0.0665083135391924	0.05938242280285035	0.035629453681710214	0.0665083135391924	0.030878859857482184	0.040380047505938245	0.03800475059382423	0.0855106888361045	0.023752969121140142	0.03800475059382423	0.06175771971496437	0.05463182897862233	0.05938242280285035	0.0498812351543943	0.04513064133016627	0.0665083135391924	0.030878859857482184	0.030878859857482184
cirA_P17315	0.05429864253393665	0.006033182503770739	0.08144796380090498	0.05580693815987934	0.03469079939668175	0.0889894419306184	0.013574660633484163	0.03770739064856712	0.05128205128205128	0.07239819004524888	0.010558069381598794	0.06184012066365008	0.04072398190045249	0.02865761689291101	0.05731523378582202	0.08446455505279035	0.07541478129713423	0.07692307692307693	0.02564102564102564	0.042232277526395176
secD_P0AG90	0.1040650406504065	0.0016260162601626016	0.04390243902439024	0.055284552845528454	0.024390243902439025	0.08130081300813008	0.0065040650406504065	0.09268292682926829	0.04552845528455285	0.11056910569105691	0.024390243902439025	0.05203252032520325	0.030894308943089432	0.04878048780487805	0.05853658536585366	0.05365853658536585	0.05853658536585366	0.07967479674796749	0.0032520325203252032	0.024390243902439025
pstB_P0AAH0	0.07392996108949416	0.01556420233463035	0.058365758754863814	0.0622568093385214	0.04669260700389105	0.0622568093385214	0.01556420233463035	0.07003891050583658	0.0622568093385214	0.10505836575875487	0.0311284046692607	0.04669260700389105	0.038910505836575876	0.054474708171206226	0.05058365758754864	0.054474708171206226	0.06614785992217899	0.042801556420233464	0.007782101167315175	0.03501945525291829
yhgF_P46837	0.11513583441138421	0.00646830530401035	0.06727037516170763	0.07115135834411385	0.027166882276843468	0.06597671410090557	0.02069857697283312	0.040103492884864166	0.054333764553686936	0.10090556274256145	0.02457956015523933	0.040103492884864166	0.04657179818887452	0.045278137128072445	0.06985769728331177	0.04398447606727038	0.05304010349288486	0.08020698576972833	0.007761966364812419	0.019404915912031046
erpA_P0ACC3	0.05263157894736842	0.02631578947368421	0.08771929824561403	0.05263157894736842	0.05263157894736842	0.12280701754385964	0.0	0.043859649122807015	0.043859649122807015	0.07894736842105263	0.02631578947368421	0.05263157894736842	0.03508771929824561	0.03508771929824561	0.017543859649122806	0.08771929824561403	0.06140350877192982	0.08771929824561403	0.0	0.03508771929824561
hemY_P0ACB7	0.12060301507537688	0.002512562814070352	0.05527638190954774	0.0678391959798995	0.01256281407035176	0.05527638190954774	0.035175879396984924	0.05527638190954774	0.04271356783919598	0.13316582914572864	0.02763819095477387	0.04020100502512563	0.035175879396984924	0.0728643216080402	0.08542713567839195	0.022613065326633167	0.03768844221105527	0.05527638190954774	0.022613065326633167	0.020100502512562814
yebT_P76272	0.07753705815279362	0.0	0.055872291904218926	0.059293044469783354	0.03420752565564424	0.09692132269099202	0.012542759407069556	0.05701254275940707	0.053591790193842644	0.10832383124287344	0.01596351197263398	0.0330672748004561	0.052451539338654506	0.037628278221208664	0.05017103762827822	0.07069555302166476	0.06271379703534778	0.08551881413911061	0.011402508551881414	0.02508551881413911
pheS_P08312	0.0856269113149847	0.0030581039755351682	0.0581039755351682	0.07339449541284404	0.06116207951070336	0.07033639143730887	0.03363914373088685	0.04892966360856269	0.03363914373088685	0.09480122324159021	0.03058103975535168	0.045871559633027525	0.05198776758409786	0.039755351681957186	0.07339449541284404	0.039755351681957186	0.0672782874617737	0.06116207951070336	0.0061162079510703364	0.021406727828746176
otsA_P31677	0.09915611814345991	0.006329113924050633	0.06329113924050633	0.05485232067510549	0.04219409282700422	0.05907172995780591	0.027426160337552744	0.05063291139240506	0.052742616033755275	0.12658227848101267	0.010548523206751054	0.04852320675105485	0.05485232067510549	0.05063291139240506	0.056962025316455694	0.04430379746835443	0.0379746835443038	0.05485232067510549	0.0189873417721519	0.04008438818565401
glmM_P31120	0.12359550561797752	0.011235955056179775	0.056179775280898875	0.07191011235955057	0.029213483146067417	0.10786516853932585	0.020224719101123594	0.0696629213483146	0.04943820224719101	0.08764044943820225	0.03146067415730337	0.035955056179775284	0.03146067415730337	0.020224719101123594	0.060674157303370786	0.0449438202247191	0.04269662921348315	0.08089887640449438	0.0044943820224719105	0.020224719101123594
fimC_P31697	0.0954356846473029	0.004149377593360996	0.03734439834024896	0.05394190871369295	0.024896265560165973	0.05394190871369295	0.0	0.05394190871369295	0.06224066390041494	0.1078838174273859	0.04564315352697095	0.07468879668049792	0.058091286307053944	0.03734439834024896	0.05394190871369295	0.05394190871369295	0.07883817427385892	0.06224066390041494	0.008298755186721992	0.03319502074688797
rseB_P0AFX9	0.0660377358490566	0.0031446540880503146	0.05345911949685535	0.050314465408805034	0.0440251572327044	0.050314465408805034	0.0031446540880503146	0.050314465408805034	0.02830188679245283	0.1069182389937107	0.031446540880503145	0.04716981132075472	0.059748427672955975	0.04716981132075472	0.08176100628930817	0.1069182389937107	0.059748427672955975	0.0660377358490566	0.012578616352201259	0.031446540880503145
ompX_P0A917	0.09941520467836257	0.005847953216374269	0.04678362573099415	0.03508771929824561	0.04678362573099415	0.12280701754385964	0.005847953216374269	0.04093567251461988	0.04678362573099415	0.04093567251461988	0.023391812865497075	0.04678362573099415	0.023391812865497075	0.04093567251461988	0.03508771929824561	0.08771929824561403	0.08187134502923976	0.06432748538011696	0.011695906432748537	0.0935672514619883
ilvI_P00893	0.08188153310104529	0.010452961672473868	0.05226480836236934	0.050522648083623695	0.020905923344947737	0.08536585365853659	0.033101045296167246	0.050522648083623695	0.04006968641114982	0.09233449477351917	0.04006968641114982	0.029616724738675958	0.04878048780487805	0.05749128919860627	0.041811846689895474	0.05400696864111498	0.059233449477351915	0.10278745644599303	0.0156794425087108	0.033101045296167246
speD_P0A7F6	0.05303030303030303	0.022727272727272728	0.07196969696969698	0.08333333333333333	0.03409090909090909	0.041666666666666664	0.045454545454545456	0.09090909090909091	0.06060606060606061	0.08712121212121213	0.03409090909090909	0.04924242424242424	0.041666666666666664	0.022727272727272728	0.03787878787878788	0.05303030303030303	0.06060606060606061	0.05303030303030303	0.003787878787878788	0.05303030303030303
sthA_P27306	0.08583690987124463	0.017167381974248927	0.0536480686695279	0.060085836909871244	0.032188841201716736	0.09227467811158799	0.045064377682403435	0.07725321888412018	0.03648068669527897	0.07725321888412018	0.02575107296137339	0.045064377682403435	0.032188841201716736	0.04291845493562232	0.055793991416309016	0.055793991416309016	0.05150214592274678	0.06437768240343347	0.004291845493562232	0.045064377682403435
bfr_P0ABD3	0.05063291139240506	0.0	0.08860759493670886	0.11392405063291139	0.0189873417721519	0.06962025316455696	0.03164556962025317	0.0759493670886076	0.056962025316455694	0.1518987341772152	0.04430379746835443	0.06329113924050633	0.006329113924050633	0.0379746835443038	0.056962025316455694	0.02531645569620253	0.012658227848101266	0.0379746835443038	0.012658227848101266	0.04430379746835443
pgk_P0A799	0.12403100775193798	0.007751937984496124	0.07493540051679587	0.06718346253229975	0.03875968992248062	0.082687338501292	0.0103359173126615	0.056847545219638244	0.08010335917312661	0.10335917312661498	0.015503875968992248	0.03359173126614987	0.03617571059431524	0.015503875968992248	0.03359173126614987	0.05426356589147287	0.05167958656330749	0.09560723514211886	0.002583979328165375	0.015503875968992248
rnr_P21499	0.08241082410824108	0.01107011070110701	0.06396063960639606	0.08610086100861009	0.03567035670356704	0.07257072570725707	0.02214022140221402	0.04305043050430504	0.07011070110701106	0.08733087330873308	0.025830258302583026	0.020910209102091022	0.04305043050430504	0.041820418204182044	0.0910209102091021	0.05043050430504305	0.041820418204182044	0.07380073800738007	0.006150061500615006	0.03075030750307503
mipA_P0A908	0.06451612903225806	0.0	0.07258064516129033	0.03225806451612903	0.028225806451612902	0.10887096774193548	0.020161290322580645	0.028225806451612902	0.04435483870967742	0.09274193548387097	0.024193548387096774	0.04838709677419355	0.03225806451612903	0.016129032258064516	0.04032258064516129	0.0846774193548387	0.07661290322580645	0.06048387096774194	0.036290322580645164	0.08870967741935484
gadB_P69910	0.08583690987124463	0.02145922746781116	0.07725321888412018	0.060085836909871244	0.04935622317596566	0.07725321888412018	0.019313304721030045	0.05793991416309013	0.0536480686695279	0.08583690987124463	0.032188841201716736	0.034334763948497854	0.0536480686695279	0.04291845493562232	0.055793991416309016	0.0407725321888412	0.0407725321888412	0.0536480686695279	0.023605150214592276	0.034334763948497854
yjjA_P18390	0.11585365853658537	0.024390243902439025	0.04878048780487805	0.04878048780487805	0.006097560975609756	0.07317073170731707	0.012195121951219513	0.042682926829268296	0.08536585365853659	0.14634146341463414	0.018292682926829267	0.08536585365853659	0.006097560975609756	0.06707317073170732	0.0	0.09146341463414634	0.06707317073170732	0.036585365853658534	0.012195121951219513	0.012195121951219513
ompF_P02931	0.09392265193370165	0.0	0.07458563535911603	0.03867403314917127	0.052486187845303865	0.13535911602209943	0.0027624309392265192	0.03867403314917127	0.052486187845303865	0.06353591160220995	0.013812154696132596	0.08839779005524862	0.013812154696132596	0.03591160220994475	0.03314917127071823	0.04419889502762431	0.06077348066298342	0.0718232044198895	0.0055248618784530384	0.08011049723756906
yedD_P31063	0.10948905109489052	0.021897810218978103	0.06569343065693431	0.072992700729927	0.0	0.06569343065693431	0.0	0.0364963503649635	0.058394160583941604	0.11678832116788321	0.029197080291970802	0.0364963503649635	0.072992700729927	0.029197080291970802	0.051094890510948905	0.021897810218978103	0.08029197080291971	0.08029197080291971	0.021897810218978103	0.029197080291970802
lolE_P75958	0.09178743961352658	0.004830917874396135	0.043478260869565216	0.03140096618357488	0.033816425120772944	0.08695652173913043	0.016908212560386472	0.09178743961352658	0.036231884057971016	0.11835748792270531	0.033816425120772944	0.036231884057971016	0.036231884057971016	0.04830917874396135	0.04830917874396135	0.07004830917874397	0.024154589371980676	0.0966183574879227	0.021739130434782608	0.028985507246376812
ptrA_P05458	0.10602910602910603	0.0010395010395010396	0.062370062370062374	0.059251559251559255	0.036382536382536385	0.04885654885654886	0.012474012474012475	0.0446985446985447	0.06444906444906445	0.0945945945945946	0.032224532224532226	0.04677754677754678	0.05405405405405406	0.059251559251559255	0.04573804573804574	0.07276507276507277	0.04054054054054054	0.06340956340956341	0.014553014553014554	0.04054054054054054
clpX_P0A6H1	0.08254716981132075	0.01650943396226415	0.06839622641509434	0.08490566037735849	0.02358490566037736	0.08254716981132075	0.01650943396226415	0.07311320754716981	0.07783018867924528	0.10613207547169812	0.01179245283018868	0.025943396226415096	0.04009433962264151	0.04716981132075472	0.04481132075471698	0.054245283018867926	0.04481132075471698	0.07311320754716981	0.0	0.025943396226415096
sdhA_P0AC41	0.09523809523809523	0.01870748299319728	0.05442176870748299	0.07312925170068027	0.03231292517006803	0.10034013605442177	0.03231292517006803	0.04251700680272109	0.03741496598639456	0.08673469387755102	0.02891156462585034	0.04251700680272109	0.04081632653061224	0.03571428571428571	0.06802721088435375	0.04931972789115646	0.05612244897959184	0.06972789115646258	0.011904761904761904	0.023809523809523808
purU_P37051	0.07857142857142857	0.010714285714285714	0.06785714285714285	0.060714285714285714	0.039285714285714285	0.05714285714285714	0.04642857142857143	0.08214285714285714	0.039285714285714285	0.09642857142857143	0.02857142857142857	0.05357142857142857	0.03571428571428571	0.02857142857142857	0.07857142857142857	0.02857142857142857	0.04642857142857143	0.08214285714285714	0.0	0.039285714285714285
yceB_P0AB26	0.08602150537634409	0.005376344086021506	0.043010752688172046	0.06451612903225806	0.043010752688172046	0.06451612903225806	0.010752688172043012	0.053763440860215055	0.08602150537634409	0.11827956989247312	0.03763440860215054	0.06451612903225806	0.043010752688172046	0.06989247311827956	0.016129032258064516	0.03763440860215054	0.06451612903225806	0.06989247311827956	0.0	0.021505376344086023
yciF_P21362	0.13855421686746988	0.006024096385542169	0.03614457831325301	0.13855421686746988	0.012048192771084338	0.024096385542168676	0.030120481927710843	0.06626506024096386	0.10240963855421686	0.10843373493975904	0.024096385542168676	0.05421686746987952	0.0	0.03614457831325301	0.03614457831325301	0.04819277108433735	0.06626506024096386	0.04819277108433735	0.0	0.024096385542168676
msbA_P60752	0.08247422680412371	0.003436426116838488	0.05154639175257732	0.048109965635738834	0.03951890034364261	0.06529209621993128	0.015463917525773196	0.08075601374570447	0.03951890034364261	0.10309278350515463	0.044673539518900345	0.03608247422680412	0.022336769759450172	0.0429553264604811	0.06529209621993128	0.0859106529209622	0.061855670103092786	0.08075601374570447	0.00859106529209622	0.022336769759450172
